0, 60;
1, 48;
2, 50;
3, 53;
4, 55;
5, 57;
6, 60;
7, 62;
8, 65;
9, 67;
10, 69;
11, 72;
12, 74;
13, 77;
14, 79;
15, 81;
16, 60;
17, 62;
18, 65;
19, 67;
20, 72;
21, 74;
22, 77;
23, 58;
24, 60;
25, 63;
26, 65;
27, 67;
28, 70;
29, 72;
30, 75;
31, 77;
32, 46;
33, 48;
34, 51;
35, 53;
36, 55;
37, 58;
38, 60;
39, 63;
40, 65;
41, 67;
42, 70;
43, 72;
44, 75;
45, 77;
46, 79;
47, 80;
48, 48;
49, 60;
50, 72;
51, 84;
52, 50;
53, 62;
54, 74;
55, 86;
56, 53;
57, 65;
58, 77;
59, 89;
60, 55;
61, 67;
62, 79;
63, 91;
