0, 48;
1, 60;
2, 72;
3, 84;
4, 50;
5, 62;
6, 74;
7, 86;
8, 53;
9, 65;
10, 77;
11, 89;
12, 55;
13, 67;
14, 79;
15, 91;
16, 53;
17, 55;
18, 58;
19, 60;
20, 62;
21, 65;
22, 67;
23, 70;
24, 72;
25, 74;
26, 77;
27, 79;
28, 82;
29, 84;
30, 86;
31, 89;
32, 67;
33, 69;
34, 71;
35, 74;
36, 76;
37, 79;
38, 81;
39, 84;
40, 65;
41, 67;
42, 70;
43, 72;
44, 74;
45, 77;
46, 79;
47, 82;
48, 84;
49, 55;
50, 57;
51, 60;
52, 62;
53, 64;
54, 67;
55, 69;
56, 72;
57, 74;
58, 76;
59, 79;
60, 81;
61, 84;
62, 86;
63, 88;
